# Simulation data for case studies in the paper "Distributed Stability Certification and Control from Local Data"
# LQR computation for a linearized helicopter model

# -------------------------------------------------

# A
# Type: matrix
# Dimension: 8 x 8
-0.0082 0.0254 -0.0685 -9.7868 -0.0158 -0.148 0 0
-0.1723 -0.4346 10.4965 -0.6792 -0.015 -0.1044 0.4545 0
0.0417 0.0157 -2.0012 0 0.0482 0.4441 0 0
0 0 0.9989 0 0 0 0 0.0464
0.0173 0.0161 -0.1435 0.0311 -0.0604 0.0308 9.77607 -10.1108
0.1531 0.2739 -2.4044 0 -0.2439 -10.9208 0 -0.0793
0 0 -0.0032 0 0 1 0 0.0694
0.0037 0.0455 -0.3753 0 0.0025 -1.9201 0 -0.4404

# -------------------------------------------------

# B
# Type: matrix
# Dimension: 8 x 4
5.6326 -8.9083 2.0273 0
-89.9908 -6.0809 0.001 0
3.8558 26.6794 -5.7663 0
0 0 0 0
0.1249 -2.0098 -9.3275 3.4515
13.2029 -32.8252 -153.5913 -0.6907
0 0 0 0
16.524 -5.908 -27.5007 -9.3029

# -------------------------------------------------

# Q
# Type: matrix
# Dimension: 8 x 8
1 0 0 0 0 0 0 0
0 1 0 0 0 0 0 0
0 0 1 0 0 0 0 0
0 0 0 1 0 0 0 0
0 0 0 0 1 0 0 0
0 0 0 0 0 1 0 0
0 0 0 0 0 0 1 0
0 0 0 0 0 0 0 1

# -------------------------------------------------

# R
# Type: matrix
# Dimension: 4 x 4
1 0 0 0
0 1 0 0
0 0 1 0
0 0 0 1

# -------------------------------------------------

# N
# Type: scalar
# Dimension: 1 x 1
16

# -------------------------------------------------

# Laplacian
# Type: matrix
# Dimension: 16 x 16
4 0 0 -1 0 -1 0 0 -1 -1 0 0 0 0 0 0
0 2 0 0 0 0 0 0 0 0 0 -1 0 0 0 -1
0 0 6 0 0 -1 -1 0 -1 -1 0 0 -1 -1 0 0
-1 0 0 6 0 0 -1 0 0 0 -1 0 0 -1 -1 -1
0 0 0 0 4 0 0 0 0 0 -1 0 0 -1 -1 -1
-1 0 -1 0 0 8 0 0 -1 -1 -1 -1 -1 0 -1 0
0 0 -1 -1 0 0 3 -1 0 0 0 0 0 0 0 0
0 0 0 0 0 0 -1 4 -1 0 0 0 0 -1 -1 0
-1 0 -1 0 0 -1 0 -1 6 0 0 0 -1 -1 0 0
-1 0 -1 0 0 -1 0 0 0 3 0 0 0 0 0 0
0 0 0 -1 -1 -1 0 0 0 0 5 0 0 -1 -1 0
0 -1 0 0 0 -1 0 0 0 0 0 4 -1 -1 0 0
0 0 -1 0 0 -1 0 0 -1 0 0 -1 4 0 0 0
0 0 -1 -1 -1 0 0 -1 -1 0 -1 -1 0 7 0 0
0 0 0 -1 -1 -1 0 -1 0 0 -1 0 0 0 5 0
0 -1 0 -1 -1 0 0 0 0 0 0 0 0 0 0 3

# -------------------------------------------------

# gamma
# Type: scalar
# Dimension: 1 x 1
30000

# -------------------------------------------------

# Matrix P_star
# Dimension: 8 x 8
4.33e-01 3.18e-02 1.15e-01 -8.79e-01 2.49e-03 -7.02e-04 3.78e-03 2.33e-03 
3.18e-02 1.64e-02 1.27e-02 -6.54e-02 -7.01e-03 -2.69e-03 -1.28e-02 1.87e-02 
1.15e-01 1.27e-02 7.09e-02 -1.52e-01 -1.59e-03 -1.46e-03 -5.30e-03 8.59e-03 
-8.79e-01 -6.54e-02 -1.52e-01 4.88e+00 -9.98e-03 4.26e-03 -9.79e-03 -1.71e-02 
2.49e-03 -7.01e-03 -1.59e-03 -9.98e-03 1.39e-01 1.38e-03 1.27e-01 -5.27e-02 
-7.02e-04 -2.69e-03 -1.46e-03 4.26e-03 1.38e-03 9.34e-03 1.75e-02 -1.93e-02 
3.78e-03 -1.28e-02 -5.30e-03 -9.79e-03 1.27e-01 1.75e-02 1.47e+00 -9.25e-02 
2.33e-03 1.87e-02 8.59e-03 -1.71e-02 -5.27e-02 -1.93e-02 -9.25e-02 1.29e-01 

# -------------------------------------------------

# Matrix A1
# Dimension: 8 x 8
-2.79e+00 -4.88e-01 -3.96e-01 -1.02e+01 4.25e-01 9.35e-02 2.35e+00 -5.87e-01 
1.97e+00 3.45e-01 2.80e-01 7.21e+00 -3.00e-01 -6.59e-02 -1.66e+00 4.14e-01 
-3.07e-01 -5.37e-02 -4.36e-02 -1.12e+00 4.67e-02 1.03e-02 2.59e-01 -6.45e-02 
1.89e-01 3.31e-02 2.69e-02 6.93e-01 -2.88e-02 -6.34e-03 -1.60e-01 3.98e-02 
1.81e+00 3.16e-01 2.57e-01 6.62e+00 -2.75e-01 -6.05e-02 -1.52e+00 3.80e-01 
-2.15e+00 -3.76e-01 -3.05e-01 -7.86e+00 3.27e-01 7.19e-02 1.81e+00 -4.51e-01 
1.41e-01 2.47e-02 2.00e-02 5.16e-01 -2.15e-02 -4.72e-03 -1.19e-01 2.96e-02 
-3.43e-01 -5.99e-02 -4.86e-02 -1.25e+00 5.21e-02 1.15e-02 2.89e-01 -7.20e-02 

# -------------------------------------------------

# Matrix A2
# Dimension: 8 x 8
0.00e+00 0.00e+00 0.00e+00 0.00e+00 0.00e+00 0.00e+00 0.00e+00 0.00e+00 
0.00e+00 0.00e+00 0.00e+00 0.00e+00 0.00e+00 0.00e+00 0.00e+00 0.00e+00 
-0.00e+00 -0.00e+00 -0.00e+00 -0.00e+00 -0.00e+00 -0.00e+00 -0.00e+00 -0.00e+00 
0.00e+00 0.00e+00 0.00e+00 0.00e+00 0.00e+00 0.00e+00 0.00e+00 0.00e+00 
0.00e+00 0.00e+00 0.00e+00 0.00e+00 0.00e+00 0.00e+00 0.00e+00 0.00e+00 
0.00e+00 0.00e+00 0.00e+00 0.00e+00 0.00e+00 0.00e+00 0.00e+00 0.00e+00 
-0.00e+00 -0.00e+00 -0.00e+00 -0.00e+00 -0.00e+00 -0.00e+00 -0.00e+00 -0.00e+00 
0.00e+00 0.00e+00 0.00e+00 0.00e+00 0.00e+00 0.00e+00 0.00e+00 0.00e+00 

# -------------------------------------------------

# Matrix A3
# Dimension: 8 x 8
9.33e-01 4.26e-01 -5.92e-01 7.59e-01 -1.59e+00 6.42e-02 1.25e+00 -6.19e-01 
-4.76e-01 -2.17e-01 3.02e-01 -3.87e-01 8.10e-01 -3.27e-02 -6.39e-01 3.16e-01 
-4.16e-01 -1.90e-01 2.64e-01 -3.38e-01 7.08e-01 -2.86e-02 -5.59e-01 2.76e-01 
3.81e-02 1.74e-02 -2.41e-02 3.09e-02 -6.48e-02 2.62e-03 5.11e-02 -2.53e-02 
6.53e+00 2.98e+00 -4.14e+00 5.30e+00 -1.11e+01 4.49e-01 8.77e+00 -4.33e+00 
8.43e+00 3.84e+00 -5.35e+00 6.85e+00 -1.44e+01 5.80e-01 1.13e+01 -5.59e+00 
-7.67e-01 -3.50e-01 4.87e-01 -6.24e-01 1.31e+00 -5.28e-02 -1.03e+00 5.09e-01 
1.83e+00 8.34e-01 -1.16e+00 1.49e+00 -3.11e+00 1.26e-01 2.46e+00 -1.21e+00 

# -------------------------------------------------

# Matrix A4
# Dimension: 8 x 8
-4.17e-01 -1.74e-01 1.31e+00 5.94e-01 7.26e-01 3.95e-03 -3.82e+00 4.07e-01 
-8.67e-01 -3.62e-01 2.72e+00 1.23e+00 1.51e+00 8.20e-03 -7.93e+00 8.46e-01 
3.72e-01 1.55e-01 -1.17e+00 -5.30e-01 -6.47e-01 -3.52e-03 3.40e+00 -3.63e-01 
-1.24e-01 -5.19e-02 3.91e-01 1.77e-01 2.16e-01 1.18e-03 -1.14e+00 1.21e-01 
-2.77e+00 -1.15e+00 8.69e+00 3.94e+00 4.81e+00 2.62e-02 -2.53e+01 2.70e+00 
-2.99e+00 -1.25e+00 9.40e+00 4.26e+00 5.20e+00 2.83e-02 -2.74e+01 2.92e+00 
3.00e-01 1.25e-01 -9.43e-01 -4.27e-01 -5.22e-01 -2.84e-03 2.75e+00 -2.93e-01 
-7.05e-01 -2.94e-01 2.22e+00 1.00e+00 1.23e+00 6.67e-03 -6.45e+00 6.88e-01 

# -------------------------------------------------

# Matrix A5
# Dimension: 8 x 8
0.00e+00 0.00e+00 0.00e+00 0.00e+00 0.00e+00 0.00e+00 0.00e+00 0.00e+00 
-0.00e+00 -0.00e+00 -0.00e+00 -0.00e+00 -0.00e+00 -0.00e+00 -0.00e+00 -0.00e+00 
0.00e+00 0.00e+00 0.00e+00 0.00e+00 0.00e+00 0.00e+00 0.00e+00 0.00e+00 
-0.00e+00 -0.00e+00 -0.00e+00 -0.00e+00 -0.00e+00 -0.00e+00 -0.00e+00 -0.00e+00 
0.00e+00 0.00e+00 0.00e+00 0.00e+00 0.00e+00 0.00e+00 0.00e+00 0.00e+00 
-0.00e+00 -0.00e+00 -0.00e+00 -0.00e+00 -0.00e+00 -0.00e+00 -0.00e+00 -0.00e+00 
0.00e+00 0.00e+00 0.00e+00 0.00e+00 0.00e+00 0.00e+00 0.00e+00 0.00e+00 
-0.00e+00 -0.00e+00 -0.00e+00 -0.00e+00 -0.00e+00 -0.00e+00 -0.00e+00 -0.00e+00 

# -------------------------------------------------

# Matrix A6
# Dimension: 8 x 8
0.00e+00 0.00e+00 0.00e+00 0.00e+00 0.00e+00 0.00e+00 0.00e+00 0.00e+00 
-0.00e+00 -0.00e+00 -0.00e+00 -0.00e+00 -0.00e+00 -0.00e+00 -0.00e+00 -0.00e+00 
0.00e+00 0.00e+00 0.00e+00 0.00e+00 0.00e+00 0.00e+00 0.00e+00 0.00e+00 
-0.00e+00 -0.00e+00 -0.00e+00 -0.00e+00 -0.00e+00 -0.00e+00 -0.00e+00 -0.00e+00 
0.00e+00 0.00e+00 0.00e+00 0.00e+00 0.00e+00 0.00e+00 0.00e+00 0.00e+00 
0.00e+00 0.00e+00 0.00e+00 0.00e+00 0.00e+00 0.00e+00 0.00e+00 0.00e+00 
-0.00e+00 -0.00e+00 -0.00e+00 -0.00e+00 -0.00e+00 -0.00e+00 -0.00e+00 -0.00e+00 
0.00e+00 0.00e+00 0.00e+00 0.00e+00 0.00e+00 0.00e+00 0.00e+00 0.00e+00 

# -------------------------------------------------

# Matrix A7
# Dimension: 8 x 8
0.00e+00 0.00e+00 0.00e+00 0.00e+00 0.00e+00 0.00e+00 0.00e+00 0.00e+00 
-0.00e+00 -0.00e+00 -0.00e+00 -0.00e+00 -0.00e+00 -0.00e+00 -0.00e+00 -0.00e+00 
0.00e+00 0.00e+00 0.00e+00 0.00e+00 0.00e+00 0.00e+00 0.00e+00 0.00e+00 
-0.00e+00 -0.00e+00 -0.00e+00 -0.00e+00 -0.00e+00 -0.00e+00 -0.00e+00 -0.00e+00 
0.00e+00 0.00e+00 0.00e+00 0.00e+00 0.00e+00 0.00e+00 0.00e+00 0.00e+00 
0.00e+00 0.00e+00 0.00e+00 0.00e+00 0.00e+00 0.00e+00 0.00e+00 0.00e+00 
-0.00e+00 -0.00e+00 -0.00e+00 -0.00e+00 -0.00e+00 -0.00e+00 -0.00e+00 -0.00e+00 
0.00e+00 0.00e+00 0.00e+00 0.00e+00 0.00e+00 0.00e+00 0.00e+00 0.00e+00 

# -------------------------------------------------

# Matrix A8
# Dimension: 8 x 8
-2.59e+00 -6.12e-01 -2.75e+00 -5.47e+00 2.77e+00 3.39e-01 1.08e+01 -3.00e+00 
1.16e+01 2.73e+00 1.23e+01 2.44e+01 -1.24e+01 -1.51e+00 -4.82e+01 1.34e+01 
-2.25e+00 -5.30e-01 -2.39e+00 -4.74e+00 2.40e+00 2.94e-01 9.37e+00 -2.60e+00 
9.69e-01 2.28e-01 1.03e+00 2.04e+00 -1.04e+00 -1.27e-01 -4.04e+00 1.12e+00 
-2.98e+00 -7.02e-01 -3.16e+00 -6.28e+00 3.18e+00 3.89e-01 1.24e+01 -3.44e+00 
2.38e+00 5.60e-01 2.52e+00 5.01e+00 -2.54e+00 -3.11e-01 -9.91e+00 2.75e+00 
-4.51e-01 -1.06e-01 -4.79e-01 -9.51e-01 4.82e-01 5.90e-02 1.88e+00 -5.22e-01 
1.44e-01 3.39e-02 1.52e-01 3.03e-01 -1.53e-01 -1.88e-02 -5.99e-01 1.66e-01 

# -------------------------------------------------

# Matrix A9
# Dimension: 8 x 8
0.00e+00 0.00e+00 0.00e+00 0.00e+00 0.00e+00 0.00e+00 0.00e+00 0.00e+00 
-0.00e+00 -0.00e+00 -0.00e+00 -0.00e+00 -0.00e+00 -0.00e+00 -0.00e+00 -0.00e+00 
0.00e+00 0.00e+00 0.00e+00 0.00e+00 0.00e+00 0.00e+00 0.00e+00 0.00e+00 
-0.00e+00 -0.00e+00 -0.00e+00 -0.00e+00 -0.00e+00 -0.00e+00 -0.00e+00 -0.00e+00 
0.00e+00 0.00e+00 0.00e+00 0.00e+00 0.00e+00 0.00e+00 0.00e+00 0.00e+00 
0.00e+00 0.00e+00 0.00e+00 0.00e+00 0.00e+00 0.00e+00 0.00e+00 0.00e+00 
-0.00e+00 -0.00e+00 -0.00e+00 -0.00e+00 -0.00e+00 -0.00e+00 -0.00e+00 -0.00e+00 
0.00e+00 0.00e+00 0.00e+00 0.00e+00 0.00e+00 0.00e+00 0.00e+00 0.00e+00 

# -------------------------------------------------

# Matrix A10
# Dimension: 8 x 8
0.00e+00 0.00e+00 0.00e+00 0.00e+00 0.00e+00 0.00e+00 0.00e+00 0.00e+00 
-0.00e+00 -0.00e+00 -0.00e+00 -0.00e+00 -0.00e+00 -0.00e+00 -0.00e+00 -0.00e+00 
0.00e+00 0.00e+00 0.00e+00 0.00e+00 0.00e+00 0.00e+00 0.00e+00 0.00e+00 
-0.00e+00 -0.00e+00 -0.00e+00 -0.00e+00 -0.00e+00 -0.00e+00 -0.00e+00 -0.00e+00 
0.00e+00 0.00e+00 0.00e+00 0.00e+00 0.00e+00 0.00e+00 0.00e+00 0.00e+00 
0.00e+00 0.00e+00 0.00e+00 0.00e+00 0.00e+00 0.00e+00 0.00e+00 0.00e+00 
-0.00e+00 -0.00e+00 -0.00e+00 -0.00e+00 -0.00e+00 -0.00e+00 -0.00e+00 -0.00e+00 
0.00e+00 0.00e+00 0.00e+00 0.00e+00 0.00e+00 0.00e+00 0.00e+00 0.00e+00 

# -------------------------------------------------

# Matrix A11
# Dimension: 8 x 8
6.41e+00 2.70e+00 3.68e+00 7.40e+00 -3.07e+00 -1.12e+00 -1.21e+01 1.09e+01 
-1.80e+01 -7.59e+00 -1.04e+01 -2.08e+01 8.63e+00 3.16e+00 3.42e+01 -3.08e+01 
2.85e+00 1.20e+00 1.64e+00 3.30e+00 -1.37e+00 -5.01e-01 -5.41e+00 4.88e+00 
-1.62e+00 -6.83e-01 -9.32e-01 -1.87e+00 7.76e-01 2.84e-01 3.07e+00 -2.77e+00 
-6.68e-01 -2.81e-01 -3.84e-01 -7.71e-01 3.20e-01 1.17e-01 1.27e+00 -1.14e+00 
1.76e+01 7.43e+00 1.01e+01 2.04e+01 -8.44e+00 -3.09e+00 -3.34e+01 3.01e+01 
-1.24e+00 -5.23e-01 -7.14e-01 -1.43e+00 5.94e-01 2.18e-01 2.35e+00 -2.12e+00 
3.31e+00 1.39e+00 1.90e+00 3.82e+00 -1.59e+00 -5.81e-01 -6.28e+00 5.66e+00 

# -------------------------------------------------

# Matrix A12
# Dimension: 8 x 8
-2.91e+00 -1.23e+00 -2.27e+00 -7.15e+00 3.37e+00 -1.33e+00 1.31e+01 -3.90e+00 
7.33e+00 3.10e+00 5.71e+00 1.80e+01 -8.49e+00 3.36e+00 -3.29e+01 9.82e+00 
-6.27e-01 -2.65e-01 -4.89e-01 -1.54e+00 7.26e-01 -2.87e-01 2.82e+00 -8.40e-01 
7.19e-01 3.04e-01 5.61e-01 1.77e+00 -8.32e-01 3.29e-01 -3.23e+00 9.63e-01 
-2.47e+00 -1.04e+00 -1.93e+00 -6.07e+00 2.86e+00 -1.13e+00 1.11e+01 -3.31e+00 
-2.22e+01 -9.38e+00 -1.73e+01 -5.45e+01 2.57e+01 -1.02e+01 9.97e+01 -2.97e+01 
1.91e+00 8.06e-01 1.49e+00 4.68e+00 -2.21e+00 8.74e-01 -8.57e+00 2.55e+00 
-4.12e+00 -1.74e+00 -3.21e+00 -1.01e+01 4.77e+00 -1.89e+00 1.85e+01 -5.52e+00 

# -------------------------------------------------

# Matrix A13
# Dimension: 8 x 8
0.00e+00 0.00e+00 0.00e+00 0.00e+00 0.00e+00 0.00e+00 0.00e+00 0.00e+00 
-0.00e+00 -0.00e+00 -0.00e+00 -0.00e+00 -0.00e+00 -0.00e+00 -0.00e+00 -0.00e+00 
0.00e+00 0.00e+00 0.00e+00 0.00e+00 0.00e+00 0.00e+00 0.00e+00 0.00e+00 
-0.00e+00 -0.00e+00 -0.00e+00 -0.00e+00 -0.00e+00 -0.00e+00 -0.00e+00 -0.00e+00 
-0.00e+00 -0.00e+00 -0.00e+00 -0.00e+00 -0.00e+00 -0.00e+00 -0.00e+00 -0.00e+00 
0.00e+00 0.00e+00 0.00e+00 0.00e+00 0.00e+00 0.00e+00 0.00e+00 0.00e+00 
-0.00e+00 -0.00e+00 -0.00e+00 -0.00e+00 -0.00e+00 -0.00e+00 -0.00e+00 -0.00e+00 
0.00e+00 0.00e+00 0.00e+00 0.00e+00 0.00e+00 0.00e+00 0.00e+00 0.00e+00 

# -------------------------------------------------

# Matrix A14
# Dimension: 8 x 8
-5.45e-01 -6.34e-01 -1.12e+00 2.40e+01 -6.08e+00 2.18e+00 -4.02e+01 -8.49e-01 
1.41e+00 1.63e+00 2.89e+00 -6.19e+01 1.57e+01 -5.61e+00 1.04e+02 2.19e+00 
-2.74e-01 -3.18e-01 -5.62e-01 1.20e+01 -3.05e+00 1.09e+00 -2.02e+01 -4.26e-01 
1.36e-01 1.58e-01 2.80e-01 -5.99e+00 1.52e+00 -5.43e-01 1.00e+01 2.12e-01 
-9.22e-02 -1.07e-01 -1.89e-01 4.06e+00 -1.03e+00 3.68e-01 -6.79e+00 -1.43e-01 
-4.69e-01 -5.45e-01 -9.63e-01 2.06e+01 -5.23e+00 1.87e+00 -3.45e+01 -7.30e-01 
1.80e-02 2.09e-02 3.69e-02 -7.91e-01 2.00e-01 -7.17e-02 1.32e+00 2.80e-02 
-1.05e-01 -1.22e-01 -2.16e-01 4.62e+00 -1.17e+00 4.19e-01 -7.73e+00 -1.63e-01 

# -------------------------------------------------

# Matrix A15
# Dimension: 8 x 8
0.00e+00 0.00e+00 0.00e+00 0.00e+00 0.00e+00 0.00e+00 0.00e+00 0.00e+00 
-0.00e+00 -0.00e+00 -0.00e+00 -0.00e+00 -0.00e+00 -0.00e+00 -0.00e+00 -0.00e+00 
0.00e+00 0.00e+00 0.00e+00 0.00e+00 0.00e+00 0.00e+00 0.00e+00 0.00e+00 
-0.00e+00 -0.00e+00 -0.00e+00 -0.00e+00 -0.00e+00 -0.00e+00 -0.00e+00 -0.00e+00 
0.00e+00 0.00e+00 0.00e+00 0.00e+00 0.00e+00 0.00e+00 0.00e+00 0.00e+00 
-0.00e+00 -0.00e+00 -0.00e+00 -0.00e+00 -0.00e+00 -0.00e+00 -0.00e+00 -0.00e+00 
0.00e+00 0.00e+00 0.00e+00 0.00e+00 0.00e+00 0.00e+00 0.00e+00 0.00e+00 
-0.00e+00 -0.00e+00 -0.00e+00 -0.00e+00 -0.00e+00 -0.00e+00 -0.00e+00 -0.00e+00 

# -------------------------------------------------

# Matrix A16
# Dimension: 8 x 8
1.91e+00 4.06e-02 2.07e+00 -1.97e+01 3.43e+00 -3.68e-01 2.86e+01 -2.39e+00 
-3.07e+00 -6.51e-02 -3.32e+00 3.16e+01 -5.49e+00 5.90e-01 -4.59e+01 3.84e+00 
6.86e-01 1.46e-02 7.43e-01 -7.08e+00 1.23e+00 -1.32e-01 1.03e+01 -8.59e-01 
-3.06e-01 -6.50e-03 -3.32e-01 3.16e+00 -5.48e-01 5.88e-02 -4.58e+00 3.83e-01 
6.57e-01 1.40e-02 7.12e-01 -6.77e+00 1.18e+00 -1.26e-01 9.84e+00 -8.22e-01 
-5.05e-01 -1.07e-02 -5.47e-01 5.21e+00 -9.05e-01 9.71e-02 -7.56e+00 6.32e-01 
9.42e-02 2.00e-03 1.02e-01 -9.72e-01 1.69e-01 -1.81e-02 1.41e+00 -1.18e-01 
-1.19e-02 -2.52e-04 -1.29e-02 1.22e-01 -2.13e-02 2.28e-03 -1.78e-01 1.48e-02 

# -------------------------------------------------

